0.000000000000000000e+00 -1.000000000000000056e-01 0.000000000000000000e+00 4.839399999999999813e-01 -2.354199999999999904e-01 -8.800000000000000313e-04 -3.525800000000000045e-01 -4.069900000000000184e-01 1.000000000000000056e-01
1.000000000000000056e-01 -1.000000000000000056e-01 0.000000000000000000e+00 5.265600000000000280e-01 -5.410899999999999599e-01 1.454000000000000084e-02 -5.648000000000000242e-02 -1.109639999999999960e+00 1.031500000000000056e-01
2.000000000000000111e-01 -5.000000000000000278e-02 0.000000000000000000e+00 1.693500000000000005e-01 -2.805900000000000061e-01 1.112400000000000055e-01 1.693500000000000005e-01 -1.265390000000000015e+00 9.289000000000000035e-02
2.999999999999999889e-01 -5.000000000000000278e-02 0.000000000000000000e+00 -6.757000000000000506e-02 -1.363099999999999867e-01 2.138799999999999868e-01 8.889799999999999924e-01 -1.541779999999999928e+00 2.267099999999999949e-01
4.000000000000000222e-01 -1.000000000000000056e-01 0.000000000000000000e+00 -2.432900000000000063e-01 -1.927699999999999969e-01 4.360600000000000032e-01 6.939899999999999958e-01 -6.675100000000000477e-01 9.062000000000000610e-02
5.000000000000000000e-01 -1.000000000000000056e-01 0.000000000000000000e+00 -3.525800000000000045e-01 -4.069900000000000184e-01 1.000000000000000056e-01 4.839399999999999813e-01 -2.354199999999999904e-01 8.800000000000000313e-04
5.999999999999999778e-01 -1.000000000000000056e-01 0.000000000000000000e+00 -5.648000000000000242e-02 -1.109639999999999960e+00 1.031500000000000056e-01 5.265600000000000280e-01 -5.410899999999999599e-01 1.454000000000000084e-02
6.999999999999999556e-01 -5.000000000000000278e-02 0.000000000000000000e+00 1.693500000000000005e-01 -1.265390000000000015e+00 9.289000000000000035e-02 1.693500000000000005e-01 -2.805900000000000061e-01 1.112400000000000055e-01
8.000000000000000444e-01 -5.000000000000000278e-02 0.000000000000000000e+00 8.889799999999999924e-01 -1.541779999999999928e+00 2.267099999999999949e-01 -6.757000000000000506e-02 -1.363099999999999867e-01 2.138799999999999868e-01
9.000000000000000222e-01 -1.000000000000000056e-01 0.000000000000000000e+00 6.939899999999999958e-01 -6.675100000000000477e-01 9.062000000000000610e-02 -2.432900000000000063e-01 -1.927699999999999969e-01 4.360600000000000032e-01
1.000000000000000000e+00 -1.000000000000000056e-01 0.000000000000000000e+00 4.839399999999999813e-01 -2.354199999999999904e-01 8.800000000000000313e-04 -3.525800000000000045e-01 -4.069900000000000184e-01 1.000000000000000056e-01
